set_color 1 1 1
draw_line 1 5 1 95 1
draw_line 1 5 10 95 10
draw_line 1 5 20 95 20
draw_line 1 5 30 95 30
draw_line 1 5 40 95 40
draw_line 1 5 50 95 50
draw_line 1 5 60 95 60
draw_line 1 5 70 95 70
draw_line 1 5 80 95 80
draw_line 1 5 90 95 90
draw_line 1 5 100 95 100
set_color 1 0 1
draw_polygon 4 9.09091 4.25532 18.1818 6.38298 18.1818 1 9.09091 1 
draw_polygon 4 18.1818 6.38298 27.2727 10.6383 27.2727 1 18.1818 1 
draw_polygon 4 27.2727 10.6383 36.3636 17.0213 36.3636 1 27.2727 1 
draw_polygon 4 36.3636 17.0213 45.4545 27.6596 45.4545 1 36.3636 1 
draw_polygon 4 45.4545 27.6596 54.5455 44.6809 54.5455 1 45.4545 1 
draw_polygon 4 54.5455 44.6809 63.6364 72.3404 63.6364 1 54.5455 1 
draw_polygon 4 63.6364 72.3404 72.7273 89.3617 72.7273 1 63.6364 1 
draw_polygon 4 72.7273 89.3617 81.8182 89.3617 81.8182 1 72.7273 1 
draw_polygon 4 81.8182 89.3617 90.9091 89.3617 90.9091 1 81.8182 1 
